datetime	open	high	low	close	volume
26.09.2025 00:00	313.87	317.0	312.16	315.17	219
27.09.2025 00:00	315.5	315.5	315.3	315.5	17
28.09.2025 00:00	315.27	315.27	314.81	314.99	25
29.09.2025 00:00	314.6	318.88	309.85	311.05	1027
30.09.2025 00:00	311.61	313.02	308.49	311.21	1265
01.10.2025 00:00	312.0	313.51	308.25	309.5	321
02.10.2025 00:00	308.54	309.37	305.9	308.5	504
03.10.2025 00:00	308.72	309.62	305.19	305.25	296
04.10.2025 00:00	305.03	305.03	302.3	302.79	102
05.10.2025 00:00	302.52	304.38	301.55	304.35	46
06.10.2025 00:00	305.01	313.49	304.37	312.5	1015
07.10.2025 00:00	313.56	318.15	311.24	316.53	781
08.10.2025 00:00	316.5	316.96	299.99	304.0	892
09.10.2025 00:00	304.17	312.82	300.8	312.41	1766
10.10.2025 00:00	310.01	311.37	306.11	308.18	1526
11.10.2025 00:00	306.02	306.97	305.43	306.97	72
12.10.2025 00:00	307.23	309.0	307.23	309.0	175
13.10.2025 00:00	309.14	310.62	304.15	307.18	896
14.10.2025 00:00	306.4	308.47	303.75	304.96	464
15.10.2025 00:00	305.42	306.77	303.51	305.0	890
16.10.2025 00:00	304.97	326.8	303.52	321.71	3246
17.10.2025 00:00	322.4	325.16	320.69	322.13	671
18.10.2025 00:00	322.28	326.4	322.28	325.44	128
19.10.2025 00:00	325.35	325.48	323.95	324.35	81
20.10.2025 00:00	324.38	326.97	324.32	325.51	722
21.10.2025 00:00	324.51	324.51	311.78	316.73	1681
22.10.2025 00:00	316.13	316.48	307.5	311.23	1491
23.10.2025 00:00	307.45	313.09	305.62	312.1	2202
24.10.2025 00:00	312.01	314.23	306.05	307.18	2454
27.10.2025 00:00	306.07	306.07	301.65	301.65	2402
28.10.2025 00:00	303.85	309.8	303.62	308.22	1706
29.10.2025 00:00	308.69	310.6	307.22	309.3	1235
30.10.2025 00:00	309.21	317.0	309.21	315.22	2543
31.10.2025 00:00	316.47	316.49	309.0	310.65	1012
01.11.2025 00:00	311.57	313.0	310.91	312.13	249
03.11.2025 00:00	313.85	318.16	313.85	316.13	599
05.11.2025 00:00	315.04	317.3	312.01	314.17	1403
06.11.2025 00:00	314.55	314.96	310.38	312.56	1110
07.11.2025 00:00	312.48	315.92	312.47	314.5	561
08.11.2025 00:00	314.54	316.43	314.36	316.04	405
09.11.2025 00:00	315.5	315.93	315.06	315.93	45
10.11.2025 00:00	316.31	320.43	315.83	317.99	885
11.11.2025 00:00	318.1	319.31	315.54	318.39	316
12.11.2025 00:00	318.42	319.29	314.29	316.4	669
13.11.2025 00:00	316.98	318.62	314.69	316.03	468
14.11.2025 00:00	315.99	315.99	312.5	314.26	650
15.11.2025 00:00	314.49	314.7	313.49	314.27	124
16.11.2025 00:00	313.58	313.7	313.58	313.58	3
17.11.2025 00:00	312.93	312.93	309.97	311.65	1308
18.11.2025 00:00	311.18	319.26	310.0	316.43	1745
19.11.2025 00:00	317.66	326.35	315.0	320.95	3767
20.11.2025 00:00	322.63	325.15	318.26	324.36	1750
21.11.2025 00:00	323.38	324.57	320.09	323.0	1381
24.11.2025 00:00	324.77	325.01	319.53	321.94	1825
25.11.2025 00:00	321.32	323.89	318.74	322.36	1670
26.11.2025 00:00	321.78	321.94	319.6	320.6	1145
27.11.2025 00:00	321.0	321.25	312.85	315.3	5370
28.11.2025 00:00	315.13	319.8	314.53	318.63	2671
29.11.2025 00:00	319.22	319.22	318.27	318.7	349
30.11.2025 00:00	318.73	320.29	318.55	319.72	492
01.12.2025 00:00	319.1	321.0	317.72	319.6	2466
02.12.2025 00:00	319.6	320.07	316.2	318.21	1812
03.12.2025 00:00	316.51	318.31	313.6	316.8	4257
04.12.2025 00:00	317.6	318.75	315.85	316.0	2200
05.12.2025 00:00	316.5	321.9	316.08	320.68	6286
08.12.2025 00:00	321.5	321.71	318.12	318.5	3721
09.12.2025 00:00	318.78	321.72	318.35	320.43	6753
10.12.2025 00:00	320.49	321.51	319.91	320.54	5645
11.12.2025 00:00	320.85	323.38	319.05	321.07	15344
12.12.2025 00:00	321.07	321.24	316.93	317.09	13341
13.12.2025 00:00	317.54	318.67	317.54	318.09	934
14.12.2025 00:00	318.25	318.25	317.35	317.94	738
15.12.2025 00:00	318.88	319.09	316.53	318.26	30804
16.12.2025 00:00	318.39	319.5	315.85	318.19	33944
17.12.2025 00:00	318.65	318.65	314.6	316.42	70428
18.12.2025 00:00	316.31	317.07	311.51	314.85	146630
19.12.2025 00:00	315.0	315.76	310.42	312.03	164930
20.12.2025 00:00	312.06	312.5	311.7	312.32	3272
21.12.2025 00:00	312.36	312.41	311.45	311.83	5092
22.12.2025 00:00	311.83	311.83	308.7	309.78	77476
23.12.2025 00:00	309.94	317.0	308.93	312.4	95956
24.12.2025 00:00	312.36	315.27	310.88	313.7	111971
25.12.2025 00:00	313.86	313.91	311.62	311.78	58638
26.12.2025 00:00	311.8	314.37	311.8	314.28	71483
27.12.2025 00:00	314.4	314.48	313.84	314.05	4511
28.12.2025 00:00	314.05	314.28	312.51	313.81	7229
29.12.2025 00:00	314.12	317.85	309.05	310.78	202516
30.12.2025 00:00	311.03	311.15	309.3	310.64	83796
05.01.2026 00:00	309.8	309.8	306.3	308.94	58100
06.01.2026 00:00	309.22	309.94	308.01	309.18	37861
08.01.2026 00:00	308.44	308.59	306.2	307.57	51918
09.01.2026 00:00	308.11	308.91	307.12	308.63	40545
12.01.2026 00:00	308.57	310.95	307.81	308.25	82193
13.01.2026 00:00	308.55	308.75	305.5	306.41	110389
14.01.2026 00:00	306.29	308.88	304.44	307.38	100779
15.01.2026 00:00	307.72	308.43	306.03	308.09	67287
16.01.2026 00:00	307.86	310.72	307.4	310.0	92803
17.01.2026 00:00	310.0	310.39	309.26	309.64	3742
18.01.2026 00:00	309.44	310.47	309.44	310.15	3904
19.01.2026 00:00	310.15	313.49	308.71	312.04	122490
20.01.2026 00:00	312.64	312.98	310.62	312.39	90637
21.01.2026 00:00	312.54	315.26	311.11	314.71	99460
22.01.2026 00:00	314.8	315.35	312.32	314.32	81448
23.01.2026 00:00	314.3	315.3	313.11	314.55	50310
24.01.2026 00:00	314.55	314.83	312.7	313.69	12671
25.01.2026 00:00	313.9	314.8	313.7	314.8	3385
26.01.2026 00:00	314.2	314.2	310.03	310.76	119467
27.01.2026 00:00	310.76	312.92	310.02	312.03	81177
28.01.2026 00:00	312.09	312.88	310.65	310.79	56433
29.01.2026 00:00	311.2	324.25	311.12	316.29	317305
30.01.2026 00:00	316.5	316.5	311.17	312.63	95399
31.01.2026 00:00	312.65	312.9	312.18	312.47	2591
01.02.2026 00:00	312.6	314.39	312.42	313.35	10071
02.02.2026 00:00	312.69	313.5	308.05	310.83	162580
03.02.2026 00:00	310.87	311.58	309.41	310.46	70901
04.02.2026 00:00	310.58	312.39	309.47	310.3	88169
05.02.2026 00:00	310.05	310.05	306.08	307.15	166574
06.02.2026 00:00	307.42	308.1	305.7	305.81	51367
07.02.2026 00:00	306.03	307.65	306.03	307.3	6200
08.02.2026 00:00	307.22	307.9	306.89	306.91	3876
09.02.2026 00:00	306.88	308.3	305.88	307.57	75431
10.02.2026 00:00	307.56	310.41	307.15	307.85	127025
11.02.2026 00:00	308.46	311.82	308.46	310.09	128015
12.02.2026 00:00	310.6	312.65	309.77	312.35	65410
