	datetime	open	high	low	close	volume
0	01.10.2025 00:00	89.892	89.908	88.198	88.471	407
1	02.10.2025 00:00	88.512	88.65	87.379	87.969	561
2	03.10.2025 00:00	88.051	90.01	88.016	89.801	183
3	06.10.2025 00:00	89.804	90.272	89.304	89.513	322
4	07.10.2025 00:00	89.484	89.484	88.569	89.217	420
5	08.10.2025 00:00	89.096	89.33	88.119	88.347	1421
6	09.10.2025 00:00	88.2	89.997	88.127	88.61	227
7	10.10.2025 00:00	88.829	88.934	88.347	88.746	613
8	13.10.2025 00:00	88.66	88.762	87.219	87.414	2697
9	14.10.2025 00:00	87.414	87.452	86.222	86.605	1388
10	15.10.2025 00:00	86.533	86.533	85.254	85.366	648
11	16.10.2025 00:00	85.034	87.494	85.004	87.105	718
12	17.10.2025 00:00	86.954	88.833	86.902	88.407	721
13	20.10.2025 00:00	88.229	88.252	87.612	87.659	526
14	21.10.2025 00:00	87.827	88.98	87.784	88.619	1229
15	22.10.2025 00:00	88.749	89.636	88.137	88.552	357
16	23.10.2025 00:00	88.839	88.919	87.88	88.312	121
17	24.10.2025 00:00	88.583	88.583	86.225	86.4	735
18	27.10.2025 00:00	86.397	86.733	85.285	86.667	319
19	28.10.2025 00:00	86.475	87.052	86.0	86.251	163
20	29.10.2025 00:00	86.34	86.906	86.101	86.642	374
21	30.10.2025 00:00	86.79	87.703	86.79	87.407	115
22	31.10.2025 00:00	87.426	87.705	86.919	86.968	344
23	01.11.2025 00:00	86.9	87.181	86.58	87.128	82
24	03.11.2025 00:00	87.205	87.257	86.162	86.476	471
25	05.11.2025 00:00	86.602	88.113	86.602	88.013	246
26	06.11.2025 00:00	88.068	88.102	87.292	87.591	182
27	07.11.2025 00:00	87.73	87.859	87.0	87.27	111
28	10.11.2025 00:00	87.269	87.751	87.08	87.454	397
29	11.11.2025 00:00	87.455	88.02	86.91	87.201	309
30	12.11.2025 00:00	87.303	87.56	86.971	87.07	169
31	13.11.2025 00:00	87.01	87.01	86.253	86.773	464
32	14.11.2025 00:00	87.079	87.62	86.877	87.068	203
33	17.11.2025 00:00	87.102	87.465	86.601	86.889	560
34	18.11.2025 00:00	86.93	87.183	86.631	87.091	261
35	19.11.2025 00:00	87.092	87.115	86.22	86.504	584
36	20.11.2025 00:00	86.579	86.833	85.426	85.428	882
37	21.11.2025 00:00	85.429	85.669	84.331	84.745	1549
38	24.11.2025 00:00	84.778	84.934	84.021	84.329	878
39	25.11.2025 00:00	84.219	85.002	84.0	84.504	434
40	26.11.2025 00:00	84.471	84.506	83.957	84.149	483
41	27.11.2025 00:00	84.149	84.162	83.553	83.755	1003
42	28.11.2025 00:00	83.808	84.139	82.945	83.061	1993
43	01.12.2025 00:00	83.163	83.423	82.823	83.09	1064
44	02.12.2025 00:00	82.893	83.42	82.5	82.869	808
45	03.12.2025 00:00	83.205	83.45	81.75	82.086	814
46	04.12.2025 00:00	82.09	82.265	80.481	80.843	1483
47	05.12.2025 00:00	80.789	82.29	80.0	82.129	2058
48	08.12.2025 00:00	82.15	82.7	81.351	81.915	1974
49	09.12.2025 00:00	82.002	82.741	81.511	82.454	740
50	10.12.2025 00:00	82.344	84.089	82.343	83.769	1353
51	11.12.2025 00:00	83.769	86.0	83.391	84.51	1401
52	12.12.2025 00:00	84.484	84.978	83.998	84.371	2297
53	15.12.2025 00:00	84.421	84.617	83.487	84.298	2157
54	16.12.2025 00:00	84.299	84.381	83.959	84.157	1388
55	17.12.2025 00:00	84.074	85.407	82.0	85.278	2809
56	18.12.2025 00:00	85.291	86.048	84.6	85.763	3914
57	19.12.2025 00:00	85.777	86.35	84.435	84.655	12404
58	22.12.2025 00:00	84.631	84.631	82.653	82.892	6373
59	23.12.2025 00:00	82.79	83.113	81.85	82.3	13444
60	24.12.2025 00:00	82.251	83.342	82.045	82.552	17196
61	25.12.2025 00:00	82.548	82.59	81.581	81.729	17197
62	26.12.2025 00:00	81.785	82.5	81.298	81.592	15348
63	29.12.2025 00:00	81.538	82.372	81.374	82.129	6313
64	30.12.2025 00:00	82.149	83.215	81.765	82.867	28018
65	05.01.2026 00:00	82.98	84.4	82.97	84.262	4316
66	06.01.2026 00:00	84.126	84.41	83.289	83.355	4184
67	08.01.2026 00:00	83.43	84.248	83.186	83.408	4161
68	09.01.2026 00:00	83.408	83.498	82.497	82.548	3265
69	12.01.2026 00:00	82.6	83.368	82.274	82.957	6324
70	13.01.2026 00:00	82.99	83.14	82.573	82.9	6922
71	14.01.2026 00:00	82.909	83.1	82.046	82.15	6964
72	15.01.2026 00:00	82.205	82.841	81.685	81.918	10083
73	16.01.2026 00:00	81.936	82.198	81.48	81.938	5856
74	19.01.2026 00:00	81.848	82.209	81.559	81.688	8288
75	20.01.2026 00:00	81.634	82.159	81.444	81.736	10692
76	21.01.2026 00:00	81.694	81.918	80.3	80.469	20318
77	22.01.2026 00:00	80.493	80.562	79.3	79.349	32346
78	23.01.2026 00:00	79.369	79.893	79.066	79.132	35828
79	26.01.2026 00:00	79.087	80.466	79.031	80.337	35506
80	27.01.2026 00:00	80.34	80.609	79.409	79.62	16962
81	28.01.2026 00:00	79.62	80.08	79.184	79.893	21327
82	29.01.2026 00:00	79.81	79.963	78.481	78.713	25215
83	30.01.2026 00:00	78.715	79.798	78.63	79.47	26385
84	02.02.2026 00:00	79.536	80.945	79.52	80.092	16803
85	03.02.2026 00:00	80.087	80.607	79.873	80.441	17201
86	04.02.2026 00:00	80.35	80.636	79.45	79.7	34578
87	05.02.2026 00:00	79.75	80.031	79.09	79.84	21319
88	06.02.2026 00:00	80.083	80.5	79.359	79.93	32844
89	09.02.2026 00:00	79.83	80.491	79.622	80.095	31421
90	10.02.2026 00:00	80.041	80.136	79.65	80.057	15592
91	11.02.2026 00:00	80.085	80.234	79.369	79.675	34813
92	12.02.2026 00:00	79.779	79.857	79.37	79.49	37047
93	13.02.2026 00:00	79.487	79.615	78.433	78.652	69687
94	16.02.2026 00:00	78.684	78.927	78.3	78.75	21247
95	17.02.2026 00:00	78.796	78.929	78.442	78.563	13707
